4801.25399684906  -7.242618113043542E-20
4803.80699682236  -2.433893681331907E-19
4806.35999679566  2.655751064213064E-20
4808.91299676896  -9.354130636107134E-19
4811.46599674225  5.771488843265856E-19
4814.01899671555  1.005016687844670E-20
4816.57199668885  1.773540400931181E-20
4819.12499666215  1.001665787608073E-20
4821.67799663544  6.953720468584567E-19
4824.23099660874  -2.254685736476378E-20
4826.78399658204  1.235723267156598E-18
4829.33699655533  1.981850407399763E-18
4831.88999652863  -1.274656559052788E-18
4834.44299650193  -6.240372858581521E-21
4836.99599647523  -1.670570497283347E-18
4839.54899644852  -8.211676191727677E-20
4842.10199642182  1.852198082697735E-19
4844.65499639512  2.503913427495782E-18
4847.20799636841  1.149684505732176E-19
4849.76099634171  6.226835574666118E-19
4852.31399631501  -5.073254908385681E-19
4854.8669962883  -5.435900203129449E-19
4857.4199962616  1.304946531290588E-19
4859.9729962349  -4.015180950526357E-21
4862.5259962082  5.249427658526154E-19
4865.07899618149  -2.805413418019603E-19
4867.63199615479  5.631623950534702E-19
4870.18499612809  -2.533321156834622E-19
4872.73799610138  6.151115128273549E-19
4875.29099607468  1.460081557120529E-19
4877.84399604798  2.176885545655315E-19
4880.39699602128  3.167109530985499E-19
4882.94999599457  6.866896940491375E-19
4885.50299596787  2.378931276637329E-19
4888.05599594117  -3.518528764666762E-19
4890.60899591446  -3.158275305020243E-19
4893.16199588776  2.827945860936591E-19
4895.71499586106  -1.011644273380248E-18
4898.26799583436  6.162507435824192E-19
4900.82099580765  3.179520643571144E-19
4903.37399578095  -2.113479300674756E-19
4905.92699575425  -7.708246051972328E-19
4908.47999572755  -1.553841733298987E-19
4911.03299570084  4.713176134320294E-19
4913.58599567414  1.170142425126488E-18
4916.13899564744  -2.866844764419962E-20
4918.69199562073  1.146192842101236E-19
4921.24499559403  4.116050851015910E-20
4923.79799556733  1.221496970482589E-18
4926.35099554062  7.984839871922178E-19
4928.90399551392  -4.511999393393175E-19
4931.45699548722  2.643427017308216E-19
4934.00999546052  -8.280260054249117E-20
4936.56299543381  -1.927766602387641E-19
4939.11599540711  1.052622955344498E-18
4941.66899538041  8.227006198533516E-19
4944.2219953537  1.034018700934709E-19
4946.774995327  5.910865301828238E-19
4949.3279953003  6.503654604878656E-19
4951.8809952736  -1.183930201197252E-19
4954.43399524689  -2.566862906236115E-19
4956.98699522019  9.724291874293589E-19
4959.53999519349  -2.772708780940814E-19
4962.09299516678  4.165778613521863E-19
4964.64599514008  3.756426235680025E-21
4967.19899511338  2.394533808986832E-19
4969.75199508668  3.671915381254784E-19
4972.30499505997  2.744940226874206E-19
4974.85799503327  4.320551560031378E-19
4977.41099500657  2.989640374798510E-19
4979.96399497986  3.626436462041065E-19
4982.51699495316  3.419848383690335E-19
4985.06999492646  2.269648511096385E-19
4987.62299489975  4.410725010409504E-21
4990.17599487305  6.567682513948786E-19
4992.72899484635  3.118040148544821E-19
4995.28199481965  3.925123987523685E-19
4997.83499479294  -6.691448245823381E-19
5000.38799476624  6.710878326367186E-19
5002.94099473954  3.885675723710107E-19
5005.49399471283  9.489166640945667E-20
5008.04699468613  4.511698092089390E-19
5010.59999465943  2.444619240066843E-21
5013.15299463273  1.507622328653968E-20
5015.70599460602  1.796717169253940E-19
5018.25899457932  4.650372605831779E-19
5020.81199455262  -4.098148276095550E-20
5023.36499452592  3.932953241454784E-19
5025.91799449921  6.357049317238052E-19
5028.47099447251  1.125311842907888E-19
5031.02399444581  1.672236762218876E-19
5033.5769944191  5.581182055942640E-19
5036.1299943924  3.807775566952475E-19
5038.6829943657  2.341395625893955E-19
5041.235994339  6.086483511463974E-19
5043.78899431229  -6.876885026589375E-20
5046.34199428559  1.880237574363575E-19
5048.89499425889  -6.275093153437117E-20
5051.44799423218  8.696405572860154E-19
5054.00099420548  -1.975024930263819E-19
5056.55399417878  3.543481810022636E-20
5059.10699415207  4.706049034707282E-19
5061.65999412537  2.076528618089247E-19
5064.21299409867  8.885696085685999E-19
5066.76599407197  2.995827335004493E-19
5069.31899404526  -4.705250258471293E-19
5071.87199401856  4.410443058655249E-19
5074.42499399186  4.022721960047534E-19
5076.97799396516  2.488558714624375E-19
5079.53099393845  4.822967704411798E-19
5082.08399391175  8.412247099438094E-19
5084.63699388505  6.777558301154009E-19
5087.18999385834  2.016611040869160E-19
5089.74299383164  1.467581070911570E-19
5092.29599380494  1.959735259960420E-19
5094.84899377824  2.644950193636038E-19
5097.40199375153  6.759801186668181E-19
5099.95499372483  6.923865746106134E-21
5102.50799369813  1.138751926904103E-19
5105.06099367142  6.031954392612161E-19
5107.61399364472  5.727169153448632E-19
5110.16699361802  4.817030349874698E-19
5112.71999359132  3.110487610716768E-19
5115.27299356461  4.132277009542430E-19
5117.82599353791  1.061068658441737E-20
5120.37899351121  1.906486740430727E-19
5122.93199348451  1.251423807187290E-19
5125.4849934578  2.494508248853025E-19
5128.0379934311  3.902230613890481E-19
5130.5909934044  3.064162795890458E-19
5133.14399337769  7.935328451209036E-19
5135.69699335099  4.383068576847755E-19
5138.24999332429  3.267124086734624E-19
5140.80299329758  3.432141616240651E-19
5143.35599327088  3.924021942480701E-19
5145.90899324418  6.388972763831979E-19
5148.46199321747  6.965821121807545E-19
5151.01499319077  2.960232566044096E-19
5153.56799316407  2.783564510102549E-19
5156.12099313737  3.619198905249691E-19
5158.67399311066  4.261526339760312E-19
5161.22699308396  6.427873651414707E-19
5163.77999305726  6.533667819474320E-19
5166.33299303055  2.652117979829146E-19
5168.88599300385  4.718999841414016E-19
5171.43899297715  3.340230103041032E-19
5173.99199295045  5.373947330382571E-20
5176.54499292374  -1.658166849020717E-19
5179.09799289704  -1.882811590091120E-20
5181.65099287034  3.388391831118557E-19
5184.20399284363  -2.099989412016735E-20
5186.75699281693  3.807339054592974E-19
5189.30999279023  3.546119204455914E-19
5191.86299276353  2.400374075670763E-19
5194.41599273682  -2.515539519524091E-20
5196.96899271012  5.681616906627477E-19
5199.52199268342  -1.883363835013623E-20
5202.07499265672  6.784906422340420E-19
5204.62799263001  4.454981815851595E-19
5207.18099260331  3.056102730572982E-19
5209.73399257661  3.654098662342288E-19
5212.2869925499  4.793026405829712E-19
5214.8399925232  4.624932834566259E-19
5217.3929924965  -9.604926080492639E-20
5219.94599246979  2.255049643086017E-19
5222.49899244309  1.394459641327739E-19
5225.05199241639  -8.890461400542788E-22
5227.60499238969  2.460987606398263E-19
5230.15799236298  -1.559815957241830E-19
5232.71099233628  1.218819060579452E-19
5235.26399230958  4.585423969383307E-19
5237.81699228288  5.398706215192483E-19
5240.36999225617  4.022744184021176E-19
5242.92299222947  -1.975593221386833E-19
5245.47599220277  1.613368506448662E-19
5248.02899217606  -9.786374826634379E-20
5250.58199214936  2.940095854909357E-19
5253.13499212266  5.380579545612106E-19
5255.68799209595  -8.081267415455116E-20
5258.24099206925  3.548530787718576E-19
5260.79399204255  7.470884947996086E-19
5263.34699201585  3.297893690495965E-19
5265.89999198914  6.292589990171649E-19
5268.45299196244  3.456313144860965E-19
5271.00599193574  2.328343542328740E-20
5273.55899190903  -7.367577260111962E-20
5276.11199188233  2.971265453520921E-19
5278.66499185563  1.607605662321011E-19
5281.21799182892  3.890781621929613E-19
5283.77099180222  1.969744390767142E-19
5286.32399177552  -6.249073590455907E-20
5288.87699174882  4.252147922731793E-19
5291.42999172211  4.514705392336019E-19
5293.98299169541  2.685424501438241E-19
5296.53599166871  3.731487391641776E-19
5299.08899164201  2.131351153857525E-19
5301.6419916153  3.086644361175414E-19
5304.1949915886  5.019075261391025E-19
5306.7479915619  4.134971786901664E-19
5309.30099153519  2.747511470933885E-19
5311.85399150849  1.462463179857846E-19
5314.40699148179  2.976411042191295E-19
5316.95999145509  6.715452661936149E-20
5319.51299142838  3.439440922733209E-19
5322.06599140168  1.346729221246125E-20
5324.61899137498  -1.731907711337757E-19
5327.17199134827  1.925393863435881E-19
5329.72499132157  3.668828311074161E-19
5332.27799129487  2.721560054861949E-19
5334.83099126816  1.637014614469083E-19
5337.38399124146  -4.801241979959342E-20
5339.93699121476  9.261026699386880E-20
5342.48999118806  3.772671613954492E-19
5345.04299116135  4.383283827355037E-19
5347.59599113465  -1.052165836632802E-19
5350.14899110795  -2.189386936503554E-20
5352.70199108125  2.259189721514777E-19
5355.25499105454  2.398384910761616E-19
5357.80799102784  4.689484618538547E-19
5360.36099100114  6.822392853820536E-19
5362.91399097443  1.213275456679751E-19
5365.46699094773  2.672556398251142E-19
5368.01999092103  2.234973165884880E-19
5370.57299089433  7.708029193797285E-20
5373.12599086762  4.726683168905032E-19
5375.67899084092  3.536749187355134E-19
5378.23199081422  3.222336750018785E-19
5380.78499078751  3.721876267571886E-19
5383.33799076081  2.882055229060366E-19
5385.89099073411  3.266325009324950E-19
5388.4439907074  3.101247361329885E-19
5390.9969906807  7.086646873377421E-20
5393.549990654  5.324528740243785E-20
5396.1029906273  7.951812553748832E-20
5398.65599060059  2.139906370557944E-19
5401.20899057389  7.589019505875729E-20
5403.76199054719  4.388966849512113E-19
5406.31499052048  2.940166348216818E-19
5408.86799049378  3.636213940598978E-19
5411.42099046708  2.230276121230333E-19
5413.97399044038  1.370884528976275E-19
5416.52699041367  1.197242184367699E-19
5419.07999038697  3.315063706636285E-19
5421.63299036027  5.910678907265470E-19
5424.18599033356  3.544851658925969E-19
5426.73899030686  3.175906585281372E-19
5429.29199028016  2.845531214986279E-19
5431.84499025346  3.292578371889581E-19
5434.39799022675  2.063416550237936E-19
5436.95099020005  2.393565527541691E-19
5439.50399017335  1.140132462846892E-19
5442.05699014665  8.521465609741074E-20
5444.60999011994  3.481600892548792E-19
5447.16299009324  2.471449487708859E-19
5449.71599006654  2.021884259013353E-19
5452.26899003983  8.814045679469522E-20
5454.82199001313  4.265630391277736E-19
5457.37498998643  2.204991525453599E-19
5459.92798995972  1.447187218665523E-19
5462.48098993302  -4.285155190583131E-20
5465.03398990632  1.507241320577433E-19
5467.58698987962  5.496281607876057E-22
5470.13998985291  -1.399592051831717E-19
5472.69298982621  1.246995493933231E-19
5475.24598979951  2.171759123242956E-19
5477.7989897728  2.292565030835980E-19
5480.3519897461  3.271638803638900E-19
5482.9049897194  1.605445294224534E-19
5485.4579896927  4.187352736523736E-19
5488.01098966599  3.154145133436425E-19
5490.56398963929  3.624888225531759E-19
5493.11698961259  3.380931577461559E-19
5495.66998958588  1.889329941163111E-19
5498.22298955918  -2.830921643747954E-20
5500.77598953248  3.880801138930334E-19
5503.32898950577  1.404780906737223E-19
5505.88198947907  2.340770716428706E-19
5508.43498945237  4.561574959506350E-19
5510.98798942567  4.255384223693693E-19
5513.54098939896  3.517804872826802E-19
5516.09398937226  5.036451615372918E-19
5518.64698934556  1.442471430538439E-19
5521.19998931885  5.694695219578750E-20
5523.75298929215  5.246113248962551E-19
5526.30598926545  1.152502503769530E-19
5528.85898923875  3.283703966204932E-19
5531.41198921204  3.189679176709645E-19
5533.96498918534  3.399831920444385E-19
5536.51798915864  1.782388455026600E-19
5539.07098913193  2.104773405152819E-19
5541.62398910523  2.547908645753788E-19
5544.17698907853  1.476293296678749E-19
5546.72998905183  2.506644662704386E-19
5549.28298902512  1.547184296226114E-19
5551.83598899842  2.567407366211076E-19
5554.38898897172  1.624350525939020E-19
5556.94198894502  3.225897044453307E-19
5559.49498891831  5.548691721013461E-19
5562.04798889161  2.647775442103906E-19
5564.60098886491  6.016396191964866E-19
5567.1539888382  3.542691851995963E-19
5569.7069888115  1.566212202247796E-19
5572.2599887848  6.756445599617062E-19
5574.81298875809  5.441074072332961E-19
5577.36598873139  2.204788454113957E-19
5579.91898870469  6.232205088755832E-19
5582.47198867799  3.444164549634568E-19
5585.02498865128  -3.325490712450363E-19
5587.57798862458  1.619991350473752E-19
5590.13098859788  1.998137745641147E-19
5592.68398857117  4.594319482374598E-19
5595.23698854447  9.987534222225779E-20
5597.78998851777  2.727768417898676E-19
5600.34298849107  1.977274389915113E-19
5602.89598846436  4.240019778024483E-19
5605.44898843766  2.415197895715802E-19
5608.00198841096  6.482381076968732E-19
5610.55498838425  6.197968547844579E-19
5613.10798835755  2.726977721389527E-19
5615.66098833085  3.862223254303668E-19
5618.21398830415  1.911201911214299E-19
5620.76698827744  3.253904823009654E-20
5623.31998825074  2.186893319121665E-19
5625.87298822404  2.981212062407551E-19
5628.42598819733  8.559446589036706E-20
5630.97898817063  1.174533453184679E-19
5633.53198814393  5.300549183577729E-19
5636.08498811723  3.661651912200261E-20
5638.63798809052  6.035371652269471E-20
5641.19098806382  -1.454019617995980E-19
5643.74398803712  3.415064279364534E-20
5646.29698801041  5.768687303637964E-19
5648.84998798371  4.681605776538290E-19
5651.40298795701  6.873424866496570E-20
5653.95598793031  2.281977534333004E-19
5656.5089879036  7.589445508243612E-20
5659.0619878769  2.061213416077070E-19
5661.6149878502  9.692851069529401E-20
5664.16798782349  3.721124062975784E-20
5666.72098779679  1.130130925036209E-19
5669.27398777009  1.679820244858813E-19
5671.82698774339  1.274614740744109E-19
5674.37998771668  1.094732185270643E-19
5676.93298768998  2.374771451958359E-19
5679.48598766328  3.815202351139328E-19
5682.03898763657  1.516503710157313E-19
5684.59198760987  3.437591020193392E-19
5687.14498758317  4.378482378091780E-19
5689.69798755647  3.597912831097454E-19
5692.25098752976  3.083647502781015E-19
5694.80398750306  3.103164240451468E-19
5697.35698747636  3.398219461360708E-19
5699.90998744965  6.606170015132923E-20
5702.46298742295  3.226435021131326E-19
5705.01598739625  3.846469516101154E-19
5707.56898736954  2.728993111594564E-19
5710.12198734284  3.735638617043485E-19
5712.67498731614  2.640944560118267E-19
5715.22798728944  5.168213076224182E-19
5717.78098726273  -3.467895611344251E-20
5720.33398723603  1.147269599459721E-19
5722.88698720933  4.157917270219993E-19
5725.43998718262  1.887808980486583E-19
5727.99298715592  2.135999188244108E-19
5730.54598712922  2.513418737799008E-19
5733.09898710252  1.466389692396777E-19
5735.65198707581  3.604256372396965E-19
5738.20498704911  4.232873854105670E-19
5740.75798702241  1.084200331619027E-19
5743.31098699571  3.326091347743115E-19
5745.863986969  1.148638981363972E-19
5748.4169869423  3.146272448170692E-19
5750.9699869156  3.291487034448949E-19
5753.52298688889  4.230371326816722E-19
5756.07598686219  -3.312742339791238E-21
5758.62898683549  4.613697364248631E-19
5761.18198680878  2.960112767861192E-19
5763.73498678208  6.685557977942511E-20
5766.28798675538  2.784162477647391E-19
5768.84098672868  1.581128292500031E-19
5771.39398670197  4.750021098988365E-19
5773.94698667527  3.028868799246292E-19
5776.49998664857  1.829487686944978E-19
5779.05298662186  1.887552353940320E-19
5781.60598659516  3.681661850751497E-19
5784.15898656846  1.682127822516119E-19
5786.71198654176  3.883173581784692E-19
5789.26498651505  1.516309211262876E-19
5791.81798648835  7.847305815611427E-20
5794.37098646165  7.245744902619075E-20
5796.92398643494  4.595346473110221E-19
5799.47698640824  2.758795386956076E-19
5802.02998638154  4.054952127689061E-19
5804.58298635484  2.524652329948567E-19
5807.13598632813  2.396301521997051E-19
5809.68898630143  4.048873153117924E-19
5812.24198627473  2.747149779947636E-19
5814.79498624802  4.571797213149331E-19
5817.34798622132  4.493944601634547E-19
5819.90098619462  3.131541954208340E-19
5822.45398616792  1.167305702883552E-19
5825.00698614121  4.066867378299096E-19
5827.55998611451  3.851145095798964E-19
5830.11298608781  2.299931362793417E-19
5832.6659860611  3.857246929426023E-19
5835.2189860344  4.541416642111501E-19
5837.7719860077  3.169267396999599E-19
5840.324985981  2.913532950461571E-19
5842.87798595429  3.597801761015110E-19
5845.43098592759  2.085164106177534E-19
5847.98398590089  3.729858183558858E-19
5850.53698587418  1.978185915609249E-19
5853.08998584748  2.137803406514010E-19
5855.64298582078  1.742913224042683E-19
5858.19598579408  4.861924527089377E-19
5860.74898576737  2.813772184409028E-19
5863.30198574067  1.099231739556352E-19
5865.85498571397  2.028142818369461E-19
5868.40798568726  3.689230224462767E-19
5870.96098566056  5.376244664333844E-19
5873.51398563386  1.356318360087313E-19
5876.06698560716  1.288673727928657E-19
5878.61998558045  7.349289284576442E-20
5881.17298555375  2.403105902991557E-19
5883.72598552705  5.965511142609082E-19
5886.27898550034  1.219085479545119E-19
5888.83198547364  1.781985043628035E-19
5891.38498544694  1.926977690752188E-19
5893.93798542023  1.628891295218343E-19
5896.49098539353  1.560368081363632E-19
5899.04398536683  3.046238961424910E-19
5901.59698534013  4.373012113617552E-19
5904.14998531342  4.693452312820053E-19
5906.70298528672  6.607050025999060E-19
5909.25598526002  2.833165930527763E-19
5911.80898523331  1.894412037864405E-19
5914.36198520661  3.159574560879960E-19
5916.91498517991  3.151764848733634E-19
5919.46798515321  4.538552611362272E-19
5922.0209851265  4.548954072655491E-19
5924.5739850998  3.793434441167043E-19
5927.1269850731  2.458803525910887E-19
5929.67998504639  2.707161050045026E-19
5932.23298501969  2.032846011281171E-19
5934.78598499299  8.633595936628873E-20
5937.33898496629  3.659012131777082E-19
5939.89198493958  2.726839181444294E-19
5942.44498491288  2.468289886985251E-19
5944.99798488618  4.196629849580776E-19
5947.55098485947  1.765699419542977E-19
5950.10398483277  4.207180296425828E-19
5952.65698480607  3.438705005472483E-19
5955.20998477937  4.492636003883859E-19
5957.76298475266  3.520546944961764E-19
5960.31598472596  3.627094281362508E-19
5962.86898469926  2.824854180957843E-19
5965.42198467255  2.448240042583198E-19
5967.97498464585  3.611415812903406E-19
5970.52798461915  1.464921762158865E-19
5973.08098459245  3.195984557724614E-19
5975.63398456574  2.720647654968578E-19
5978.18698453904  2.647402057667014E-19
5980.73998451234  3.157886190948544E-19
5983.29298448564  1.765907489908240E-19
5985.84598445893  2.399091853373705E-19
5988.39898443223  2.227809747380882E-19
5990.95198440553  1.113050510464061E-19
5993.50498437882  3.902872004111559E-19
5996.05798435212  1.542384408288044E-19
5998.61098432542  2.258070970384376E-19
6001.16398429871  4.441543000464627E-19
6003.71698427201  3.843251799119874E-19
6006.26998424531  3.682366933404757E-19
6008.82298421861  4.837809074462352E-19
6011.3759841919  2.026113264991927E-19
6013.9289841652  4.466272294536977E-19
6016.4819841385  4.738608922044120E-19
6019.03498411179  3.392418503671105E-19
6021.58798408509  2.514588881038866E-19
6024.14098405839  2.809696549909918E-19
6026.69398403168  4.537622613049953E-19
6029.24698400498  2.819324504312714E-19
6031.79998397828  2.207616506297947E-19
6034.35298395158  2.942606398741202E-19
6036.90598392487  1.774913908393446E-19
6039.45898389817  2.956035776949089E-19
6042.01198387147  1.483894265342320E-19
6044.56498384476  1.615744619947554E-19
6047.11798381806  3.899435825352124E-20
6049.67098379136  4.468355241865145E-19
6052.22398376466  2.821484947454597E-19
6054.77698373795  8.109154307132493E-20
6057.32998371125  3.210915862078638E-19
6059.88298368455  2.371337985761344E-19
6062.43598365785  2.445358835658578E-19
6064.98898363114  4.073345911443722E-19
6067.54198360444  3.122547219193907E-19
6070.09498357774  3.550401221135019E-19
6072.64798355103  3.663172403366089E-19
6075.20098352433  4.183033367326005E-19
6077.75398349763  2.485053398266358E-19
6080.30698347092  3.569978964924163E-19
6082.85998344422  3.999249240076725E-19
6085.41298341752  4.404422042181087E-19
6087.96598339082  4.503223577913041E-19
6090.51898336411  4.657872612249237E-19
6093.07198333741  2.020228644136236E-19
6095.62498331071  1.867196279147183E-19
6098.17798328401  1.639219148572010E-19
6100.7309832573  4.426084102770893E-19
6103.2839832306  4.472325690317026E-19
6105.8369832039  4.319126027459822E-19
6108.38998317719  3.757737944899670E-19
6110.94298315049  3.726306676245481E-19
6113.49598312379  4.333087797326571E-19
6116.04898309708  5.792234984652690E-19
6118.60198307038  2.017048700461665E-19
6121.15498304368  2.301074703489482E-19
6123.70798301698  2.776295035459115E-19
6126.26098299027  3.075610088747308E-19
6128.81398296357  2.555015595654571E-19
6131.36698293687  3.653771509293127E-19
6133.91998291016  3.057746623798073E-19
6136.47298288346  5.927331181987981E-19
6139.02598285676  3.559957795608234E-19
6141.57898283005  1.181709306134021E-19
6144.13198280335  1.971888238422437E-19
6146.68498277665  2.014490564675039E-19
6149.23798274995  2.383352984265157E-19
6151.79098272324  5.740426966165536E-19
6154.34398269654  5.456716771049031E-19
6156.89698266984  4.107557869091705E-19
6159.44998264314  2.127561920479327E-19
6162.00298261643  2.121906340564676E-19
6164.55598258973  6.727864702810593E-20
6167.10898256303  3.884849785624007E-19
6169.66198253632  2.943368097389857E-19
6172.21498250962  5.548800247824541E-19
6174.76798248292  5.835231317253950E-19
6177.32098245622  2.749806452938274E-19
6179.87398242951  3.164254181428338E-19
6182.42698240281  3.705721578508645E-19
6184.97998237611  1.712584186071854E-19
6187.5329823494  4.035922884503163E-19
6190.0859823227  3.302450619855680E-19
6192.638982296  4.833002117907073E-19
6195.1919822693  3.673724974614315E-19
6197.74498224259  4.023799296625469E-19
6200.29798221589  4.571213306154414E-19
6202.85098218919  3.383109469504356E-19
6205.40398216248  4.422193132552231E-19
6207.95698213578  2.464368887609793E-19
6210.50998210908  3.028368827255707E-19
6213.06298208238  3.381621794315166E-19
6215.61598205567  1.476086380537843E-19
6218.16898202897  2.487178735909512E-19
6220.72198200227  3.607988741463033E-19
6223.27498197556  4.202668182191520E-19
6225.82798194886  2.042061012556923E-19
6228.38098192216  2.802039813213970E-19
6230.93398189546  6.309999266766253E-19
6233.48698186875  2.718657544250604E-19
6236.03998184205  3.075156515907052E-19
6238.59298181535  4.510303501249474E-19
6241.14598178864  4.591138227580302E-19
6243.69898176194  4.740910031599508E-19
6246.25198173524  3.619775211012661E-19
6248.80498170854  5.159801734623252E-19
6251.35798168183  2.517818482288028E-19
6253.91098165513  4.750675529102974E-19
6256.46398162843  4.864673563854756E-19
6259.01698160172  3.108136725359472E-19
6261.56998157502  1.208846622889615E-19
6264.12298154832  6.389443442189566E-19
6266.67598152161  4.931004125700339E-19
6269.22898149491  2.096361835474402E-19
6271.78198146821  4.961441368963238E-19
6274.33498144151  4.869976598268242E-19
6276.8879814148  3.661006978975968E-19
6279.4409813881  4.591021736962209E-19
6281.9939813614  2.721673888306260E-19
6284.5469813347  4.892336911524789E-19
6287.09998130799  3.334873473984964E-19
6289.65298128129  2.843991745721584E-19
6292.20598125459  1.974678239197199E-19
6294.75898122788  2.555471385814526E-19
6297.31198120118  3.432904566406922E-19
6299.86498117448  6.602656363499590E-19
6302.41798114778  6.285782648540116E-19
6304.97098112107  3.545747867745468E-19
6307.52398109437  3.549147873335772E-19
6310.07698106767  3.081516273205115E-19
6312.62998104096  4.147076602614053E-19
6315.18298101426  4.303545325537923E-19
6317.73598098756  1.915108711233561E-19
6320.28898096085  1.406418102517912E-19
6322.84198093415  2.972169789576964E-19
6325.39498090745  4.260841806662579E-19
6327.94798088075  2.773257891387444E-19
6330.50098085404  2.983393661474727E-19
6333.05398082734  1.984777945650000E-19
6335.60698080064  2.550548649534742E-19
6338.15998077393  2.647831639470862E-19
6340.71298074723  5.490258272028532E-19
6343.26598072053  3.536015114264667E-19
6345.81898069383  2.461379433939887E-19
6348.37198066712  1.685320514792157E-19
6350.92498064042  1.395767041876838E-19
6353.47798061372  4.346066761024676E-19
6356.03098058701  3.371060735145277E-19
6358.58398056031  2.548184902327643E-19
6361.13698053361  2.540155153893887E-19
6363.68998050691  3.753002123544414E-19
6366.2429804802  6.342866772369850E-19
6368.7959804535  4.272839761276086E-19
6371.3489804268  5.102591824757627E-19
6373.90198040009  2.198999988956506E-19
6376.45498037339  4.066618603607958E-19
6379.00798034669  2.450728159557379E-19
6381.56098031998  3.448244111301735E-19
6384.11398029328  2.937022648787184E-19
6386.66698026658  2.203123356270164E-19
6389.21998023988  3.356981470415248E-19
6391.77298021317  3.676325065049844E-19
6394.32598018647  3.103671755875161E-19
6396.87898015977  3.813957450285973E-19
6399.43198013307  1.366147857983533E-19
6401.98498010636  2.489162035898362E-19
6404.53798007966  4.512026558881065E-19
6407.09098005296  4.975352730087930E-19
6409.64398002625  2.188049469954021E-19
6412.19697999955  3.042932367033884E-19
6414.74997997285  4.488685944202014E-19
6417.30297994615  5.381811452171151E-19
6419.85597991944  4.840472469690474E-19
6422.40897989274  4.336080640475714E-19
6424.96197986604  4.065698194128612E-19
6427.51497983933  2.731061058152897E-19
6430.06797981263  1.929523963733144E-19
6432.62097978593  3.597822009466229E-19
6435.17397975923  5.329844968246206E-19
6437.72697973252  3.324291032408355E-19
6440.27997970582  2.126993593769493E-19
6442.83297967912  4.443742337778572E-19
6445.38597965241  5.073800122426412E-19
6447.93897962571  3.885819141241887E-19
6450.49197959901  2.609463842942040E-19
6453.0449795723  2.194017078692449E-19
6455.5979795456  3.877687220656932E-19
6458.1509795189  3.409925723018125E-19
6460.7039794922  3.603244959309162E-19
6463.25697946549  1.949150931359842E-19
6465.80997943879  3.432277575812520E-19
6468.36297941209  4.000034484385922E-19
6470.91597938539  1.403393816174610E-19
6473.46897935868  2.286391492104731E-19
6476.02197933198  4.474651049127765E-19
6478.57497930528  3.867239408943165E-19
6481.12797927857  2.302546486820378E-19
6483.68097925187  2.275251754625115E-19
6486.23397922517  2.378505069594264E-19
6488.78697919847  1.154792432128849E-19
6491.33997917176  4.086057543411728E-19
6493.89297914506  1.624725319499481E-19
6496.44597911835  3.684233050966876E-19
6498.99897909165  1.632774005131200E-19
6501.55197906495  2.889385163281863E-19
6504.10497903825  2.596199325671803E-19
6506.65797901154  2.011536979838508E-19
6509.21097898484  1.329067913504775E-19
6511.76397895814  3.785954798253261E-20
6514.31697893144  4.990783608014232E-20
6516.86997890473  1.005928338305258E-19
6519.42297887803  2.753573720531253E-19
6521.97597885133  1.890963324096636E-19
6524.52897882462  2.583940574495722E-19
6527.08197879792  -1.588963777319314E-20
6529.63497877122  5.460255930253799E-20
6532.18797874452  1.774545146558562E-19
6534.74097871781  2.592080944805965E-19
6537.29397869111  2.876159310332776E-19
6539.84697866441  3.787915890265069E-19
6542.3999786377  2.473513469624609E-19
6544.952978611  1.768521782124041E-19
6547.5059785843  3.849902934455901E-19
6550.0589785576  3.237699581146062E-19
6552.61197853089  2.274223205333639E-19
6555.16497850419  3.658572099554388E-19
6557.71797847749  2.582884772146820E-19
6560.27097845078  2.240764154209896E-19
6562.82397842408  3.230127006988486E-19
6565.37697839738  2.067308875022678E-19
6567.92997837068  5.070886739075661E-19
6570.48297834397  5.855087087659612E-19
6573.03597831727  7.464063919034886E-19
6575.58897829057  5.197940837755997E-19
6578.14197826386  4.522700231509165E-19
6580.69497823716  4.523422763093511E-19
6583.24797821046  3.380177075260129E-19
6585.80097818376  4.548425110130262E-19
6588.35397815705  3.023057796301866E-19
6590.90697813035  4.088355505616256E-19
6593.45997810365  2.869982812820896E-19
6596.01297807695  4.460291467584383E-19
6598.56597805024  4.293949506934279E-19
6601.11897802354  4.085657379952319E-19
6603.67197799684  3.832178952066371E-19
6606.22497797013  4.029793244776950E-19
6608.77797794343  3.042870900687760E-19
6611.33097791673  2.977442498956641E-19
6613.88397789002  3.289727860439998E-19
6616.43697786332  3.190479989920161E-19
6618.98997783662  3.590206864678862E-19
6621.54297780991  4.030262945822497E-19
6624.09597778321  4.081365507052481E-19
6626.64897775651  4.257913812603843E-19
6629.20197772981  5.270315736055721E-19
6631.7549777031  4.358560636357744E-19
6634.3079776764  2.642502213731534E-19
6636.8609776497  3.174995261435886E-19
6639.413977623  1.252809106556152E-19
6641.96697759629  1.654317321008025E-19
6644.51997756959  3.636049118789343E-19
6647.07297754289  2.171556603316992E-19
6649.62597751618  2.560912429809038E-19
6652.17897748948  4.184582305838510E-19
6654.73197746278  3.540368991804796E-19
6657.28497743608  4.134197562719600E-19
6659.83797740937  2.357547284609136E-19
6662.39097738267  2.715636807049621E-19
6664.94397735597  2.967137910326385E-19
6667.49697732926  5.152352468716605E-19
6670.04997730256  3.736315867714667E-19
6672.60297727586  4.849066879599651E-19
6675.15597724915  3.059614535756804E-19
6677.70897722245  3.219180465903301E-19
6680.26197719575  2.840978200384418E-19
6682.81497716905  4.155402076742739E-19
6685.36797714234  4.202367313560289E-19
6687.92097711564  2.470052064060358E-19
6690.47397708894  5.085574142041108E-19
6693.02697706223  2.431693584547713E-19
6695.57997703553  4.047629348105469E-19
6698.13297700883  3.230197202816296E-19
6700.68597698213  3.174673296058898E-19
6703.23897695542  4.699607641110975E-19
6705.79197692872  5.171639677693086E-19
6708.34497690202  1.941785469824657E-19
6710.89797687531  2.570264555637032E-19
6713.45097684861  3.677746564465456E-19
6716.00397682191  2.558218018242748E-19
6718.55697679521  3.734803157258715E-19
6721.1099767685  5.142070392915294E-19
6723.6629767418  4.084948417828227E-19
6726.2159767151  3.561193867861254E-19
6728.7689766884  1.865188389427707E-19
6731.32197666169  4.070331065292690E-19
6733.87497663499  2.165287607297489E-19
6736.42797660829  4.616459710473836E-19
6738.98097658158  3.615049562916145E-19
6741.53397655488  2.603912268132855E-19
6744.08697652818  4.505377928178695E-19
6746.63997650147  4.721236256758800E-19
6749.19297647477  5.394145904219087E-19
6751.74597644807  4.911821934149692E-19
6754.29897642137  4.145816082661524E-19
6756.85197639466  3.046340361018036E-19
6759.40497636796  3.482415782407985E-19
6761.95797634126  4.023734202855353E-19
6764.51097631455  3.594840418196365E-19
6767.06397628785  4.917774930699256E-19
6769.61697626115  4.407393404803315E-19
6772.16997623445  5.568780315935412E-19
6774.72297620774  3.425096893781722E-19
6777.27597618104  6.706003085677203E-19
6779.82897615434  6.916916188334283E-19
6782.38197612763  3.945324356663036E-19
6784.93497610093  4.539391097652539E-19
6787.48797607423  3.465111414654607E-19
6790.04097604753  4.965411644030888E-19
6792.59397602082  5.283744445114698E-19
6795.14697599412  5.756795658540474E-19
6797.69997596742  4.772201224250375E-19
6800.25297594071  3.856252081219730E-19
6802.80597591401  4.776213985448216E-19
6805.35897588731  4.466283255523769E-19
6807.9119758606  4.624187527563956E-19
6810.4649758339  3.971465849575555E-19
6813.0179758072  3.289092213282070E-19
6815.5709757805  3.221275039327446E-19
6818.12397575379  2.595601313103910E-19
6820.67697572709  3.535076673373078E-19
6823.22997570039  4.604614759492202E-19
6825.78297567369  3.358923653283877E-19
6828.33597564698  4.864163489405596E-19
6830.88897562028  3.575825697316177E-19
6833.44197559358  4.603811644131253E-19
6835.99497556687  6.634728475532392E-19
6838.54797554017  5.238163088577465E-19
6841.10097551347  4.673576581957964E-19
6843.65397548677  1.800312040605416E-19
6846.20697546006  2.625793418140218E-19
6848.75997543336  4.001072791275665E-19
6851.31297540666  3.949159614217678E-19
6853.86597537995  3.928061701326486E-19
6856.41897535325  4.055535783173900E-19
6858.97197532655  4.091322161653493E-19
6861.52497529984  1.636621342454386E-19
6864.07797527314  2.485135916436744E-19
6866.63097524644  3.633397822898227E-19
6869.18397521974  6.088595272009568E-19
6871.73697519303  5.033825770994335E-19
6874.28997516633  5.905447731487655E-19
6876.84297513963  4.420483566930988E-19
6879.39597511292  3.683559665023550E-19
6881.94897508622  5.197909292017057E-19
6884.50197505952  7.176527609241384E-19
6887.05497503282  8.201433089965618E-19
6889.60797500611  4.144302168576389E-19
6892.16097497941  5.188379764337169E-19
6894.71397495271  6.404475197136241E-19
6897.266974926  6.834697360662458E-19
6899.8199748993  5.443660651667679E-19
6902.3729748726  5.877506417906821E-19
6904.9259748459  4.483215599089259E-19
6907.47897481919  4.480337053413255E-19
6910.03197479249  3.501709904264552E-19
6912.58497476579  2.633470963058371E-19
6915.13797473909  2.838005188343196E-19
6917.69097471238  5.708642672324315E-19
6920.24397468568  5.242839091802276E-19
6922.79697465898  4.303161321595161E-19
6925.34997463227  3.690194090457236E-19
6927.90297460557  3.851522916885413E-19
6930.45597457887  5.030415635518891E-19
6933.00897455216  5.698331238763039E-19
6935.56197452546  5.325042246164327E-19
6938.11497449876  5.353820763333856E-19
6940.66797447205  4.916031957111277E-19
6943.22097444535  5.325715005391692E-19
6945.77397441865  3.400016939418883E-19
6948.32697439195  1.788232862533921E-19
6950.87997436524  2.908908764442171E-19
6953.43297433854  6.591789738348383E-19
6955.98597431184  5.031004262445698E-19
6958.53897428514  4.375519437913673E-19
6961.09197425843  2.625074745136470E-19
6963.64497423173  5.944754001344608E-19
6966.19797420503  4.949499897328376E-19
6968.75097417832  4.601283161364092E-19
6971.30397415162  4.255032711375176E-19
6973.85697412492  3.818023374212603E-19
6976.40997409822  6.055451888373831E-19
6978.96297407151  4.076791105995236E-19
6981.51597404481  4.666350222877963E-19
6984.06897401811  3.499046761168056E-19
6986.6219739914  5.708091030919225E-19
6989.1749739647  4.422934016063689E-19
6991.727973938  6.267720526582333E-19
6994.28097391129  4.891667972963248E-19
6996.83397388459  4.333151957691596E-19
6999.38697385789  5.770584474073032E-19
7001.93997383119  4.551633124351559E-19
7004.49297380448  5.196220193930106E-19
7007.04597377778  4.025506205090406E-19
7009.59897375108  2.979669169289082E-19
7012.15197372437  3.300888317496952E-19
7014.70497369767  5.737017213922318E-19
7017.25797367097  5.201116617509265E-19
7019.81097364427  4.771344396743754E-19
7022.36397361756  4.746481617469560E-19
7024.91697359086  4.829856387039568E-19
7027.46997356416  4.908825588188338E-19
7030.02297353745  4.583248880156182E-19
7032.57597351075  5.383157434138105E-19
7035.12897348405  5.317493688744850E-19
7037.68197345734  5.656127833601870E-19
7040.23497343064  6.970334417982005E-19
7042.78797340394  2.677358033178768E-19
7045.34097337724  5.148910422156022E-19
7047.89397335053  6.209528657110446E-19
7050.44697332383  6.682836308457615E-19
7052.99997329713  4.069297578660984E-19
7055.55297327043  4.526571783362448E-19
7058.10597324372  3.924993987764711E-19
7060.65897321702  4.972389964135754E-19
7063.21197319032  6.767573725709419E-19
7065.76497316361  4.850214482877127E-19
7068.31797313691  5.624573309651856E-19
7070.87097311021  3.813392042411914E-19
7073.42397308351  5.040386820414315E-19
7075.9769730568  4.099910462203974E-19
7078.5299730301  5.197105127509733E-19
7081.0829730034  4.198926505154260E-19
7083.63597297669  1.945565730956611E-19
7086.18897294999  4.625617864093257E-19
7088.74197292329  5.001330160946910E-19
7091.29497289659  4.276128767794103E-19
7093.84797286988  4.063148109591192E-19
7096.40097284318  4.558613594736971E-19
7098.95397281648  4.289973735855422E-19
7101.50697278977  5.593169366556100E-19
7104.05997276307  5.065002121396384E-19
7106.61297273637  5.067272504455920E-19
7109.16597270966  5.328518930518690E-19
7111.71897268296  5.638793648090141E-19
7114.27197265626  5.330002843187136E-19
7116.82497262956  4.455410252976369E-19
7119.37797260285  4.785771328651852E-19
7121.93097257615  5.087988507947120E-19
7124.48397254945  4.096166010694735E-19
7127.03697252274  6.204958850065640E-19
7129.58997249604  4.163635664699977E-19
7132.14297246934  5.152335437804243E-19
7134.69597244264  3.573073960282122E-19
7137.24897241593  3.562690605341050E-19
7139.80197238923  4.512217454621801E-19
7142.35497236253  4.697156422274390E-19
7144.90797233583  5.316729929384079E-19
7147.46097230912  4.497576108560511E-19
7150.01397228242  5.633637124694618E-19
7152.56697225572  5.741970269841551E-19
7155.11997222901  5.619139428297195E-19
7157.67297220231  3.619453167068077E-19
7160.22597217561  4.793978218249877E-19
7162.77897214891  4.882462628313356E-19
7165.3319721222  3.341574456408356E-19
7167.8849720955  5.235516262643509E-19
7170.4379720688  4.678586985994115E-19
7172.99097204209  3.464144426416733E-19
7175.54397201539  5.176634545677742E-19
7178.09697198869  5.496951039666752E-19
7180.64997196198  4.359603011811881E-19
7183.20297193528  6.246802048551734E-19
7185.75597190858  4.629904789419312E-19
7188.30897188188  4.448592628533635E-19
7190.86197185517  4.780255401406691E-19
7193.41497182847  3.451129460413813E-19
7195.96797180177  5.574459977235132E-19
7198.52097177506  4.831621430998795E-19
7201.07397174836  3.077406359233958E-19
7203.62697172166  4.822711074338423E-19
7206.17997169496  5.199327519061533E-19
7208.73297166825  3.517036855857885E-19
7211.28597164155  4.160767610468368E-19
7213.83897161485  4.676521230422507E-19
7216.39197158814  3.859823438371082E-19
7218.94497156144  3.423888426609244E-19
7221.49797153474  3.513325834135074E-19
7224.05097150804  3.916342124145318E-19
7226.60397148133  3.537099138335020E-19
7229.15697145463  3.977027850121298E-19
7231.70997142793  4.961607364220824E-19
7234.26297140122  5.917655661841968E-19
7236.81597137452  3.281463125232709E-19
7239.36897134782  7.592126339221934E-19
7241.92197132112  6.560338679489646E-19
7244.47497129441  4.800265460468607E-19
7247.02797126771  5.609663252963672E-19
7249.58097124101  6.608501897959606E-19
7252.1339712143  6.091110866073636E-19
7254.6869711876  4.743773569837611E-19
7257.2399711609  5.535315040453449E-19
7259.79297113419  6.061978793710983E-19
7262.34597110749  4.175906156875162E-19
7264.89897108079  4.554860068569432E-19
7267.45197105409  6.252951271822933E-19
7270.00497102738  7.174724729352311E-19
7272.55797100068  3.084653107738144E-19
7275.11097097398  3.605727308098660E-20
7277.66397094728  1.154515441811222E-19
7280.21697092057  5.798251432188299E-19
7282.76997089387  8.071711122984924E-19
7285.32297086717  6.499021811449856E-19
7287.87597084047  6.157868222142251E-19
7290.42897081376  1.812191311739281E-19
7292.98197078706  5.567933576016073E-19
7295.53497076036  3.713727761775281E-19
7298.08797073365  4.809637258616787E-19
7300.64097070695  5.877241841696152E-19
7303.19397068025  4.792633439490047E-19
7305.74697065354  4.324440999716378E-19
7308.29997062684  4.426868196201549E-19
7310.85297060014  1.002303575173470E-18
7313.40597057344  6.684102005281323E-19
7315.95897054673  5.076490411931321E-19
7318.51197052003  4.765023493013132E-19
7321.06497049333  5.123129561169789E-19
7323.61797046662  3.559028125665219E-19
7326.17097043992  2.657259175533088E-19
7328.72397041322  7.060070020391445E-19
7331.27697038652  4.628415410681355E-19
7333.82997035981  4.876290634379304E-19
7336.38297033311  5.349553256395740E-19
7338.93597030641  4.505816239262705E-19
7341.4889702797  4.582239666099348E-19
7344.041970253  3.060629775960441E-19
7346.5949702263  7.526244767309449E-19
7349.1479701996  4.391622760286173E-19
7351.70097017289  5.125549414025966E-19
7354.25397014619  7.487494594806445E-19
7356.80697011949  5.120718247868639E-19
7359.35997009279  6.382854301475600E-19
7361.91297006608  5.705324545303400E-19
7364.46597003938  6.080894641090662E-19
7367.01897001268  6.037441492364054E-19
7369.57196998597  3.462619180389978E-19
7372.12496995927  6.318182674365175E-19
7374.67796993257  4.284150710235693E-19
7377.23096990586  4.804547277968296E-19
7379.78396987916  2.376217959015544E-19
7382.33696985246  4.096229781833050E-19
7384.88996982576  2.993499821014457E-19
7387.44296979905  5.277024340854719E-19
7389.99596977235  8.049314076164282E-19
7392.54896974565  7.832690466870204E-19
7395.10196971894  4.645484036930015E-19
7397.65496969224  6.331876851470998E-19
7400.20796966554  5.535291623912003E-19
7402.76096963883  6.367232041413907E-19
7405.31396961213  4.343975468097168E-19
7407.86696958543  6.555891227168775E-19
7410.41996955873  4.870464889518725E-19
7412.97296953202  4.024237290063841E-19
7415.52596950532  5.318190550329547E-19
7418.07896947862  5.788579412283402E-19
7420.63196945191  4.220870460489111E-19
7423.18496942521  5.747874653292226E-19
7425.73796939851  5.802054807617855E-19
7428.29096937181  6.004495303094493E-19
7430.8439693451  3.497573187304531E-19
7433.3969693184  2.485422959558410E-19
7435.9499692917  6.541087668102926E-19
7438.50296926499  4.494493631946106E-19
7441.05596923829  4.886134356786900E-19
7443.60896921159  6.269775618283035E-19
7446.16196918489  5.878864757493674E-19
7448.71496915818  5.240066227843108E-19
7451.26796913148  5.787873403997373E-19
7453.82096910478  4.665329835595234E-19
7456.37396907808  5.475277010600471E-19
7458.92696905137  6.133229770174263E-19
7461.47996902467  5.704519364018096E-19
7464.03296899797  5.518819169683383E-19
7466.58596897126  3.230380941063235E-19
7469.13896894456  3.761579196198625E-19
7471.69196891786  5.278131185025957E-19
7474.24496889115  3.343864257800524E-19
7476.79796886445  5.341617171354785E-19
7479.35096883775  5.264115809762238E-19
7481.90396881105  6.605588341997233E-19
7484.45696878434  4.983372436670868E-19
7487.00996875764  5.269642045713545E-19
7489.56296873094  3.939414240899628E-19
7492.11596870423  5.875600145053111E-19
7494.66896867753  5.680285727231914E-19
7497.22196865083  5.240854135539430E-19
7499.77496862413  6.081772030248371E-19
7502.32796859742  6.951611433997291E-19
7504.88096857072  5.494382792550736E-19
7507.43396854402  5.104360309302418E-19
7509.98696851731  5.358021761725294E-19
7512.53996849061  5.959046250503783E-19
7515.09296846391  3.931298022742202E-19
7517.64596843721  3.213057744003891E-19
7520.1989684105  4.049037145279021E-19
7522.7519683838  1.726365317054557E-19
7525.3049683571  3.452561836641269E-19
7527.85796833039  5.262814577479588E-19
7530.41096830369  4.137344427972026E-19
7532.96396827699  5.594774305923105E-19
7535.51696825029  4.858685402122750E-19
7538.06996822358  4.896765297348268E-19
7540.62296819688  3.931712543557202E-19
7543.17596817018  6.077669634524816E-19
7545.72896814347  6.533027506258283E-19
7548.28196811677  5.305574759510268E-19
7550.83496809007  5.931255877927314E-19
7553.38796806336  3.893562356393765E-19
7555.94096803666  5.766951221684281E-19
7558.49396800996  6.890238166279010E-19
7561.04696798326  4.944693176187316E-19
7563.59996795655  7.158721386414510E-19
7566.15296792985  5.304403059252895E-19
7568.70596790315  4.791061840890392E-19
7571.25896787644  6.147932565066800E-19
7573.81196784974  5.970563369057822E-19
7576.36496782304  5.041374623252766E-19
7578.91796779634  7.070726943210154E-19
7581.47096776963  5.909080547796840E-19
7584.02396774293  5.921573504791402E-19
7586.57696771623  5.689789424713548E-19
7589.12996768953  7.848913432759840E-19
7591.68296766282  7.215531859797044E-19
7594.23596763612  5.099111985691098E-19
7596.78896760942  5.490612438107875E-19
7599.34196758272  6.129660660675718E-19
7601.89496755601  8.021926761530519E-19
7604.44796752931  3.796716136852071E-19
7607.00096750261  4.703258054527007E-19
7609.5539674759  6.409090829633995E-19
7612.1069674492  4.740388148134211E-19
7614.6599674225  7.275907028998092E-19
7617.21296739579  6.096557736900011E-19
7619.76596736909  4.140633997984988E-19
7622.31896734239  5.662017679028851E-19
7624.87196731568  6.022946054612131E-19
7627.42496728898  5.020496443713585E-19
7629.97796726228  4.368770713430045E-19
7632.53096723558  2.417286658327152E-19
7635.08396720887  4.303059474992242E-19
7637.63696718217  5.985206309636219E-19
7640.18996715547  6.047388070732210E-19
7642.74296712876  4.999445076352635E-19
7645.29596710206  6.279923197606986E-19
7647.84896707536  5.492574489247234E-19
7650.40196704866  6.550423326050078E-19
7652.95496702195  6.936882242884595E-19
7655.50796699525  4.364655553631580E-19
7658.06096696855  6.148557513336296E-19
7660.61396694184  4.501712103242470E-19
7663.16696691514  6.040338424378094E-19
7665.71996688844  7.094011958458290E-19
7668.27296686174  5.404592036876599E-19
7670.82596683503  5.997337498544094E-19
7673.37896680833  5.195640165553570E-19
7675.93196678163  5.349260989743514E-19
7678.48496675493  7.202639262666316E-19
7681.03796672822  7.874189087979301E-19
7683.59096670152  6.229716379089534E-19
7686.14396667482  6.632524235950411E-19
7688.69696664811  8.231890542164919E-19
7691.24996662141  7.781695844536407E-19
7693.80296659471  3.753001237721072E-19
7696.355966568  5.454961345934089E-19
7698.9089665413  8.506086068373718E-19
7701.4619665146  4.537255589735866E-19
7704.0149664879  6.168314607717263E-19
7706.56796646119  1.001478066662997E-18
7709.12096643449  7.424969930203784E-19
7711.67396640779  4.530426899537301E-19
7714.22696638108  5.282490956594955E-19
7716.77996635438  3.595082849770077E-19
7719.33296632768  7.062677907731100E-19
7721.88596630098  3.625302528093974E-19
7724.43896627427  3.442165540184705E-19
7726.99196624757  4.545635248033160E-19
7729.54496622087  6.336141860051030E-19
7732.09796619416  6.932475452237079E-19
7734.65096616746  7.728888571668866E-19
7737.20396614076  5.762523317114864E-19
7739.75696611406  6.325461048204530E-19
7742.30996608735  7.114184787677101E-19
7744.86296606065  8.745608774704221E-19
7747.41596603395  6.196791145681669E-19
7749.96896600724  2.730085800404305E-19
7752.52196598054  6.037735556561324E-19
7755.07496595384  6.574587942609179E-19
7757.62796592714  5.276440428908650E-19
7760.18096590043  6.711168203856692E-19
7762.73396587373  4.584149906714950E-19
7765.28696584703  4.047976527324969E-19
7767.83996582032  7.072219295004139E-19
7770.39296579362  3.737483480241801E-19
7772.94596576692  4.830053446615491E-19
7775.49896574022  5.903165535112380E-19
7778.05196571351  6.477669075518131E-19
7780.60496568681  5.801167998011412E-19
7783.15796566011  4.972667812249551E-19
7785.7109656334  4.085981421411688E-19
7788.2639656067  7.369464439028300E-19
7790.81696558  5.917255963643532E-19
7793.36996555329  1.128772502829063E-18
7795.92296552659  2.878135740035589E-19
7798.47596549989  3.999038257522673E-19
7801.02896547318  5.528458297900641E-19
7803.58196544648  4.745072255160090E-19
7806.13496541978  9.497400707607193E-19
7808.68796539308  7.883513108395300E-19
7811.24096536638  3.753089282625874E-19
7813.79396533967  6.372956360419878E-19
7816.34696531297  5.344609607712149E-19
7818.89996528627  8.528363871967224E-19
7821.45296525956  6.872881859095016E-19
7824.00596523286  4.254156572323295E-19
7826.55896520616  4.453471951425276E-19
7829.11196517946  6.107746427490247E-19
7831.66496515275  3.110387212565032E-19
7834.21796512605  4.426183638255279E-19
7836.77096509935  4.153024527940419E-19
7839.32396507264  6.031979240410674E-19
7841.87696504594  5.291478442082759E-19
7844.42996501924  2.743786691687271E-19
7846.98296499254  5.558356320539401E-19
7849.53596496583  6.295902930035424E-19
7852.08896493913  7.222851821273675E-19
7854.64196491243  7.654150354539066E-19
7857.19496488572  5.272263593708182E-19
7859.74796485902  4.905166947686824E-19
7862.30096483232  5.068632556520552E-19
7864.85396480561  5.535182347534870E-19
7867.40696477891  7.952517558518337E-19
7869.95996475221  5.169396286436207E-19
7872.5129647255  7.012133318108176E-19
7875.0659646988  6.482325171127978E-19
7877.6189646721  5.137474049460234E-19
7880.1719646454  3.955852810644786E-19
7882.72496461869  4.371988050893426E-19
7885.27796459199  3.178853070533833E-19
7887.83096456529  8.487814992449431E-19
7890.38396453858  5.958576265852169E-19
7892.93696451188  5.682122828428310E-19
7895.48996448518  6.739935791456469E-19
7898.04296445848  4.768818631925794E-19
7900.59596443177  5.028990741723672E-19
7903.14896440507  4.783669868194882E-19
7905.70196437837  2.839728979290924E-19
7908.25496435167  3.350109660393302E-19
7910.80796432496  7.355057121920413E-19
7913.36096429826  5.261240892694633E-19
7915.91396427156  4.341579420865479E-19
7918.46696424486  8.469146957200099E-19
7921.01996421815  5.883505105610218E-19
7923.57296419145  9.869852043942813E-19
7926.12596416475  7.119454005125747E-19
7928.67896413804  5.682440568282943E-19
7931.23196411134  5.320878821701682E-19
7933.78496408464  4.644665446219427E-19
7936.33796405793  3.932293394028436E-19
7938.89096403123  4.112698761984336E-19
7941.44396400453  3.746411265654603E-19
7943.99696397782  4.015167943975065E-19
7946.54996395112  7.457300760167662E-19
7949.10296392442  9.092789968557092E-19
7951.65596389772  6.179081877745275E-19
7954.20896387101  5.305153164762855E-19
7956.76196384431  5.253057414234949E-19
7959.31496381761  3.082357976159745E-19
7961.8679637909  8.037032462037373E-19
7964.4209637642  6.420891226858580E-19
7966.9739637375  6.171018707589962E-19
7969.5269637108  8.040466212411679E-19
7972.07996368409  7.774898472067965E-19
7974.63296365739  7.177117172725653E-19
7977.18596363069  5.092931828508577E-19
7979.73896360398  6.256575504419176E-19
7982.29196357728  6.892723601328637E-19
7984.84496355058  4.685577120421508E-19
7987.39796352388  3.806874834478701E-19
7989.95096349718  7.255975823873530E-19
7992.50396347047  5.260183166835084E-19
7995.05696344377  1.065223264609785E-18
7997.60996341707  9.903833092884035E-19
8000.16296339036  6.161996533860802E-19
8002.71596336366  5.372623302368840E-19
8005.26896333696  5.533273384760246E-19
8007.82196331025  5.317223771950960E-19
8010.37496328355  6.746226903061909E-19
8012.92796325685  4.974309336295220E-19
8015.48096323014  5.944550886033979E-19
8018.03396320344  6.270184202676865E-19
8020.58696317674  6.565535164295868E-19
8023.13996315004  3.526588645525749E-19
8025.69296312333  2.732352787071814E-19
8028.24596309663  3.607916916134906E-19
8030.79896306993  5.930526979529838E-19
8033.35196304322  5.471418229570947E-19
8035.90496301652  5.482853544588488E-19
8038.45796298982  6.329739461554338E-19
8041.01096296312  6.581538138736322E-19
8043.56396293641  4.559583018070719E-19
8046.11696290971  5.158912021160616E-19
8048.66996288301  4.346080601127718E-19
8051.2229628563  3.840894082740512E-19
8053.7759628296  6.622582444180892E-19
8056.3289628029  5.903402105498125E-19
8058.88196277619  6.863380237233972E-19
8061.43496274949  6.883098034566388E-19
8063.98796272279  9.184743640176924E-19
8066.54096269609  6.717545847594164E-19
8069.09396266938  5.760586516261930E-19
8071.64696264268  6.475700634818437E-19
8074.19996261598  5.832876982139714E-19
8076.75296258928  5.485726252683996E-19
8079.30596256257  6.446140086627359E-19
8081.85896253587  5.196646447916759E-19
8084.41196250917  8.646205414098142E-19
8086.96496248246  7.017913694804206E-19
8089.51796245576  4.890576664712088E-19
8092.07096242906  6.831088255727544E-19
8094.62396240236  6.351036408786337E-19
8097.17696237565  5.038764214011139E-19
8099.72996234895  2.536619822829075E-19
8102.28296232225  6.477732617199829E-19
8104.83596229554  6.641166797335730E-19
8107.38896226884  6.390299695985466E-19
8109.94196224214  4.664295578379777E-19
8112.49496221543  6.435858565183236E-19
8115.04796218873  5.440415295766037E-19
8117.60096216203  6.399190589149599E-19
8120.15396213532  7.146089940371692E-19
8122.70696210862  5.471121949464298E-19
8125.25996208192  4.601084682697236E-19
8127.81296205522  5.154843117644844E-19
8130.36596202852  5.576603206529986E-19
8132.91896200181  5.097529279740404E-19
8135.47196197511  3.355457572084250E-19
8138.02496194841  5.475527199686176E-19
8140.5779619217  4.903798107978156E-19
8143.130961895  5.300130567637475E-19
8145.6839618683  6.815955013076409E-19
8148.23696184159  6.561238191264305E-19
8150.78996181489  6.071357861999569E-19
8153.34296178819  4.379399230294690E-19
8155.89596176149  4.728782551336982E-19
8158.44896173478  5.909520568002920E-19
8161.00196170808  5.782106735169159E-19
8163.55496168138  5.978822645231987E-19
8166.10796165467  6.255832815048455E-19
8168.66096162797  5.432986908799143E-19
8171.21396160127  4.269114690960344E-19
8173.76696157457  5.054946184810975E-19
8176.31996154786  6.098551511478981E-19
8178.87296152116  5.386737180475776E-19
8181.42596149446  5.890541966255675E-19
8183.97896146775  7.279872222441712E-19
8186.53196144105  6.442182060230408E-19
8189.08496141435  7.553179699567397E-19
8191.63796138765  6.067312589830560E-19
8194.19096136094  5.650251982805290E-19
8196.74396133424  5.912003042863290E-19
8199.29696130754  6.127878154634640E-19
8201.84996128083  4.020031058991734E-19
8204.40296125413  5.759486389405363E-19
8206.95596122743  5.891478657636231E-19
8209.50896120072  5.586658232436873E-19
8212.06196117402  5.637395475444508E-19
8214.61496114732  3.919636532152209E-19
8217.16796112062  6.196714133175024E-19
8219.72096109391  4.890420429336795E-19
8222.27396106721  4.455964250803513E-19
8224.82696104051  5.295435954774512E-19
8227.37996101381  5.256670730707164E-19
8229.9329609871  5.537187342487853E-19
8232.4859609604  5.393933279916957E-19
8235.0389609337  4.363911068979721E-19
8237.59196090699  3.785122837727958E-19
8240.14496088029  5.450577740183202E-19
8242.69796085359  6.241752871213223E-19
8245.25096082689  6.307305665207401E-19
8247.80396080018  8.130026395862598E-19
8250.35696077348  7.194346093255731E-19
8252.90996074678  4.567613624653564E-19
8255.46296072007  9.961879602474306E-19
8258.01596069337  8.157439087969715E-19
8260.56896066667  7.292548668089176E-19
8263.12196063996  8.375863075051423E-19
8265.67496061326  8.089737367730442E-19
8268.22796058656  7.605687419717060E-19
8270.78096055986  8.433457583447722E-19
8273.33396053315  8.496280086233170E-19
8275.88696050645  1.149192041373068E-18
8278.43996047975  1.099382947756363E-18
8280.99296045304  6.903945109146953E-19
8283.54596042634  9.410625634023086E-19
8286.09896039964  6.907158054473633E-19
8288.65196037294  4.784981964112958E-19
8291.20496034623  2.270221382272488E-19
8293.75796031953  3.091469080313409E-19
8296.31096029283  5.697452111730243E-19
8298.86396026612  2.818006810553420E-19
8301.41696023942  5.113317772453525E-19
8303.96996021272  1.096478634785751E-18
8306.52296018602  5.152065900993294E-19
8309.07596015931  7.205835998671091E-19
8311.62896013261  4.549815527248602E-19
8314.18196010591  5.801997968040966E-19
8316.73496007921  5.474633140965846E-19
8319.2879600525  4.057261750709262E-19
8321.8409600258  5.374577419253327E-19
8324.3939599991  5.309972802611651E-19
8326.94695997239  5.010632079532994E-19
8329.49995994569  6.001722680002052E-19
8332.05295991899  5.758132224114651E-19
8334.60595989228  6.024119630273309E-19
8337.15895986558  7.450053786297928E-19
8339.71195983888  8.970464912971786E-19
8342.26495981218  4.642793030096216E-19
8344.81795978547  1.341559067858036E-18
8347.37095975877  1.849648127006951E-19
8349.92395973207  2.301904168405807E-19
8352.47695970536  3.893413133392739E-19
8355.02995967866  4.186192573625467E-19
8357.58295965196  5.111924546386903E-19
8360.13595962526  7.568044006866512E-19
8362.68895959855  7.124179932252552E-19
8365.24195957185  5.910398958273443E-19
8367.79495954515  7.322649419701892E-19
8370.34795951844  6.939622568821119E-19
8372.90095949174  5.962875098698498E-19
8375.45395946504  5.222510067389780E-19
8378.00695943833  7.972895527486222E-19
8380.55995941163  5.470575299671266E-19
8383.11295938493  5.031331991696625E-19
8385.66595935823  8.292183859606055E-19
8388.21895933152  7.676316120233737E-19
8390.77195930482  6.739616125557887E-19
8393.32495927812  1.014267696978231E-18
8395.87795925142  9.456332435655580E-19
8398.43095922471  2.512530674492783E-19
8400.98395919801  5.621727861968866E-19
8403.53695917131  6.407913965365636E-19
8406.0899591446  5.262873971403271E-19
8408.6429591179  4.701039462175547E-19
8411.1959590912  1.023361254833299E-18
8413.7489590645  5.184199206447783E-19
8416.30195903779  6.555281539631025E-19
8418.85495901109  8.344556169536245E-19
8421.40795898439  7.620205653028257E-19
8423.96095895768  2.851768537566517E-19
8426.51395893098  4.807592848192677E-19
8429.06695890428  5.344895657063252E-19
8431.61995887757  7.038436999412915E-19
8434.17295885087  6.115563112048429E-19
8436.72595882417  4.814250415626087E-19
8439.27895879746  7.036069026304845E-19
8441.83195877076  6.592418687477219E-19
8444.38495874406  7.024631309317150E-19
8446.93795871736  8.668208444793725E-19
8449.49095869066  9.975534072055104E-19
8452.04395866395  6.374856720723678E-19
8454.59695863725  5.392297867021452E-19
8457.14995861055  6.860171057527139E-19
8459.70295858384  9.852779044054280E-19
8462.25595855714  3.695629073542536E-19
8464.80895853044  4.458649678242815E-19
8467.36195850373  1.130552332813765E-18
8469.91495847703  1.207648732841888E-18
8472.46795845033  9.420926006831074E-19
8475.02095842363  5.677913177301023E-19
8477.57395839692  7.129292140867788E-19
8480.12695837022  7.484400517943351E-19
8482.67995834352  8.681616700516936E-19
8485.23295831681  5.405633837456065E-19
8487.78595829011  6.561494135357776E-19
8490.33895826341  1.042380244742781E-18
8492.89195823671  6.944723587367024E-19
8495.44495821  6.597187010952549E-19
8497.9979581833  4.766256874994375E-19
8500.5509581566  5.929739555038851E-19
8503.10395812989  8.514289670034925E-19
8505.65695810319  8.752906494337356E-19
8508.20995807649  5.601907725784057E-19
8510.76295804979  5.950200655018091E-19
8513.31595802308  7.983068891270056E-19
8515.86895799638  7.457346589104401E-19
8518.42195796968  8.102951794564237E-19
8520.97495794297  6.652764159404754E-19
8523.52795791627  7.500682955645736E-19
8526.08095788957  8.893383859485487E-19
8528.63395786286  6.293671713831042E-19
8531.18695783616  6.896355480382561E-19
8533.73995780946  9.203397798685935E-19
8536.29295778276  8.221683968985425E-19
8538.84595775605  5.636390877076131E-19
8541.39895772935  7.641957106441113E-19
8543.95195770265  8.623970612102240E-19
8546.50495767595  8.243959486538853E-19
8549.05795764924  6.398318799314316E-19
8551.61095762254  6.881479153144598E-19
8554.16395759584  7.603343697880781E-19
8556.71695756913  6.410161184047256E-19
8559.26995754243  7.277372362426630E-19
8561.82295751573  5.695987349343782E-19
8564.37595748903  6.477148534176217E-19
8566.92895746232  8.438968812452117E-19
8569.48195743562  5.941622207840707E-19
8572.03495740892  7.260963537537800E-19
8574.58795738221  8.001928735679648E-19
8577.14095735551  6.617172673866077E-19
8579.69395732881  5.578307206350543E-19
8582.2469573021  8.002733003654331E-19
8584.7999572754  6.223273068540828E-19
8587.3529572487  8.162096373849202E-19
8589.905957222  8.057161282626537E-19
8592.45895719529  6.112378170138953E-19
8595.01195716859  7.271972406435499E-19
8597.56495714189  7.128846929348241E-19
8600.11795711519  6.871805217116131E-19
8602.67095708848  6.744161258318302E-19
8605.22395706178  5.749431168612283E-19
8607.77695703508  7.523308504591742E-19
8610.32995700838  5.944950101636808E-19
8612.88295698167  6.065491794356605E-19
8615.43595695497  8.088241010683884E-19
8617.98895692827  8.995029848552764E-19
8620.54195690156  6.961135454432025E-19
8623.09495687486  6.466870384823720E-19
8625.64795684816  8.573013396162076E-19
8628.20095682145  1.005347929345865E-18
8630.75395679475  2.070698224237116E-19
8633.30695676805  9.282780254444622E-19
8635.85995674135  8.923623682881810E-19
8638.41295671464  6.253096481362935E-19
8640.96595668794  8.037369460296334E-19
8643.51895666124  3.540307126831268E-19
8646.07195663453  2.905526323474376E-19
8648.62495660783  8.379225311785617E-19
8651.17795658113  1.061195225247430E-18
8653.73095655442  4.796926847735212E-19
8656.28395652772  9.601361200132780E-19
8658.83695650102  3.520378697945174E-19
8661.38995647432  7.217673766672994E-19
8663.94295644762  4.782499304528252E-19
8666.49595642091  1.160254934296979E-18
8669.04895639421  6.555334099287378E-19
8671.60195636751  8.069463880892485E-19
8674.1549563408  6.442302298289988E-19
8676.7079563141  8.324637882108451E-19
8679.2609562874  8.819678871241865E-19
8681.81395626069  1.049530520766383E-18
8684.36695623399  9.675094440419865E-19
8686.91995620729  9.992091357814548E-19
8689.47295618059  9.184536388948595E-19
8692.02595615388  1.030308890242486E-18
8694.57895612718  7.944927952707989E-19
8697.13195610048  5.869988381556088E-19
8699.68495607377  7.261105406213946E-19
8702.23795604707  6.566545291501788E-19
8704.79095602037  7.755417165548217E-19
8707.34395599366  7.532039282691221E-19
8709.89695596696  8.676775884877143E-19
8712.44995594026  9.419838999104184E-19
8715.00295591356  7.200745971242316E-19
8717.55595588685  8.794094290430276E-19
8720.10895586015  4.926392597686107E-19
8722.66195583345  5.169236571236304E-19
8725.21495580675  6.932060652740656E-19
8727.76795578004  5.990897274391103E-19
8730.32095575334  6.099983545660507E-19
8732.87395572664  6.126138539839187E-19
8735.42695569993  6.780892890656242E-19
8737.97995567323  8.303732468963735E-19
8740.53295564653  6.787386862915592E-19
8743.08595561982  7.170666448703022E-19
8745.63895559312  6.615323114768672E-19
8748.19195556642  6.741197790095901E-19
8750.74495553972  7.621089413934834E-19
8753.29795551301  5.039346294249044E-19
8755.85095548631  1.021356131415525E-18
8758.40395545961  1.284918298304241E-18
8760.95695543291  1.027016643100124E-18
8763.5099554062  3.824067562466959E-19
8766.0629553795  7.720963602473103E-19
8768.6159553528  8.375848179883400E-19
8771.16895532609  9.424672335991493E-19
8773.72195529939  5.249694081874467E-19
8776.27495527269  7.422240004017231E-19
8778.82795524598  1.054028158280183E-19
8781.38095521928  8.708328906810343E-19
8783.93395519258  4.978683329669707E-19
8786.48695516588  5.431272771870650E-19
8789.03995513917  9.614685677782750E-19
8791.59295511247  7.405320308441911E-19
8794.14595508577  6.335414304947539E-19
8796.69895505906  7.343880909429779E-19
8799.25195503236  9.488101363608247E-19
8801.80495500566  9.279560688964030E-19
8804.35795497896  9.064381196648437E-19
8806.91095495225  9.675702402122920E-19
8809.46395492555  1.049800066332822E-18
8812.01695489885  1.058927389829649E-18
8814.56995487214  9.830325294545636E-19
8817.12295484544  1.099095788726140E-18
8819.67595481874  1.007388584722041E-19
8822.22895479204  9.232146622257014E-19
8824.78195476533  8.309209506932518E-19
8827.33495473863  -3.930855139733604E-19
8829.88795471193  3.941845606242760E-19
8832.44095468522  9.400857775564864E-19
8834.99395465852  4.645145588339493E-19
8837.54695463182  7.908126917533807E-19
8840.09995460512  8.874211843150082E-19
8842.65295457841  9.214446038489992E-19
8845.20595455171  9.232150252281495E-19
8847.75895452501  7.395977726099573E-19
8850.3119544983  6.750671881998884E-19
8852.8649544716  9.055453057830241E-19
8855.4179544449  1.300453525746334E-18
8857.9709544182  8.492410180678009E-19
8860.52395439149  8.957224590099530E-19
8863.07695436479  1.212108671004441E-18
8865.62995433809  9.170545481216652E-19
8868.18295431138  1.280585268690599E-18
8870.73595428468  1.175242449111826E-18
8873.28895425798  8.394839286305460E-19
8875.84195423128  9.289164756194033E-19
8878.39495420457  1.585227329537226E-18
8880.94795417787  1.404823408617310E-18
8883.50095415117  5.531154585835178E-19
8886.05395412446  1.599434744061345E-18
8888.60695409776  3.433903429442682E-19
8891.15995407106  9.899888594434369E-19
8893.71295404436  9.841500035833936E-19
8896.26595401765  1.048799820078114E-18
8898.81895399095  5.436472406758894E-19
8901.37195396425  6.760214348843990E-19
8903.92495393754  4.388584536310790E-19
8906.47795391084  5.814055611408091E-19
8909.03095388414  9.582171204851357E-19
8911.58395385743  9.613293177646310E-19
8914.13695383073  4.563447330012023E-19
8916.68995380403  3.324353083022412E-19
8919.24295377733  5.405293796569599E-20
8921.79595375062  8.539725437952741E-19
8924.34895372392  4.565981090737180E-19
8926.90195369722  6.509994340914017E-19
8929.45495367052  6.384424000461215E-19
8932.00795364381  4.985632994260450E-19
8934.56095361711  7.941348475187110E-19
8937.11395359041  1.050195280672386E-18
8939.6669535637  7.087858594252621E-19
8942.219953537  4.288869158712996E-19
8944.7729535103  1.170312368457676E-18
8947.32595348359  7.853297527179712E-19
8949.87895345689  4.805551400957156E-19
8952.43195343019  1.158627194470436E-18
8954.98495340349  1.959252681512713E-18
8957.53795337678  1.172337961388061E-18
8960.09095335008  4.540715110675164E-19
8962.64395332338  1.023583595303065E-18
8965.19695329667  8.665613158656457E-19
8967.74995326997  7.353809093569180E-19
8970.30295324327  9.964104837624326E-19
8972.85595321656  8.367297426247201E-19
8975.40895318986  7.057204571572608E-19
8977.96195316316  9.239564341560379E-19
8980.51495313646  5.832941598785581E-19
8983.06795310976  7.205554762594472E-19
8985.62095308305  9.697778376216669E-19
8988.17395305635  7.991843009734135E-19
8990.72695302965  5.069574408862097E-19
8993.27995300294  4.922978259570027E-19
8995.83295297624  7.224504414845302E-19
8998.38595294954  1.212200255113656E-18
9000.93895292283  9.368143263388688E-19
9003.49195289613  1.243742719367725E-18
9006.04495286943  1.406567610382924E-18
9008.59795284273  9.204544644586365E-19
9011.15095281602  1.180025453962325E-18
9013.70395278932  9.533019011374356E-19
9016.25695276262  7.962441410950269E-19
9018.80995273591  7.772803759470336E-19
9021.36295270921  8.227863629496303E-19
9023.91595268251  9.188283446397987E-19
9026.4689526558  7.196793310665707E-19
9029.0219526291  9.900398498913355E-19
9031.5749526024  1.032381121001614E-18
9034.1279525757  1.236362156407669E-18
9036.68095254899  1.046886352327412E-18
9039.23395252229  6.406026828271418E-19
9041.78695249559  6.188340659033727E-19
9044.33995246889  1.233792309144320E-18
9046.89295244218  6.773304225629135E-19
9049.44595241548  1.101840707720439E-18
9051.99895238878  7.229163539484918E-19
9054.55195236207  5.655235572728656E-19
9057.10495233537  5.958152648829402E-19
9059.65795230867  6.631727473727179E-19
9062.21095228196  8.223925826977948E-19
9064.76395225526  7.925812735058313E-19
9067.31695222856  7.131925708815403E-19
9069.86995220186  7.727211806140839E-19
9072.42295217515  9.198760713503361E-19
9074.97595214845  9.702769976769852E-19
9077.52895212175  7.045785664435388E-19
9080.08195209505  9.450247326426055E-19
9082.63495206834  9.131107931981185E-19
9085.18795204164  9.735636981496430E-19
9087.74095201494  8.760769827301945E-19
9090.29395198823  8.524141697144880E-19
9092.84695196153  9.038912119753678E-19
9095.39995193483  9.350167629177963E-19
9097.95295190812  7.495591802000072E-19
9100.50595188142  7.764068908389681E-19
9103.05895185472  1.065011429353404E-18
9105.61195182802  7.704648074362399E-19
9108.16495180131  1.056817877739444E-18
9110.71795177461  1.069625383052148E-18
9113.27095174791  9.350048519683468E-19
9115.8239517212  1.006225158844719E-18
9118.3769516945  1.265030992822234E-18
9120.9299516678  1.100015549943612E-18
9123.4829516411  1.113483222767184E-18
9126.03595161439  1.071383930746782E-18
9128.58895158769  1.115475147829115E-18
9131.14195156099  1.184419342236233E-18
9133.69495153428  9.374753606676279E-19
9136.24795150758  1.175445044187183E-18
9138.80095148088  8.201780576225811E-19
9141.35395145417  6.596614627617682E-19
9143.90695142747  1.060471816747737E-18
9146.45995140077  1.134056150160379E-18
9149.01295137407  7.582477059063257E-19
9151.56595134736  9.367285356398703E-19
9154.11895132066  2.975677311581273E-19
9156.67195129396  3.404935017168969E-19
9159.22495126726  6.837198361734666E-19
9161.77795124055  5.912264094728882E-19
9164.33095121385  5.778226682495919E-19
9166.88395118715  6.122745148996051E-19
9169.43695116044  6.589376515263022E-19
9171.98995113374  7.770132564909861E-19
9174.54295110704  7.297263183309214E-19
9177.09595108034  5.851562518223239E-19
9179.64895105363  8.868914914765337E-19
9182.20195102693  9.074669602156269E-19
9184.75495100023  9.630064249423233E-19
9187.30795097352  7.569425673288279E-19
9189.86095094682  7.704605599761404E-19
9192.41395092012  6.763563166821045E-19
9194.96695089341  1.054130842463622E-18
9197.51995086671  9.388920009962662E-19
9200.07295084001  1.017316044978263E-18
9202.62595081331  1.294128278597972E-18
9205.1789507866  1.087789009663530E-18
9207.7319507599  9.439834239234613E-19
9210.2849507332  7.322912547113880E-19
9212.8379507065  7.367955196259594E-19
9215.39095067979  1.019139715835184E-18
9217.94395065309  9.150079458353165E-19
9220.49695062639  6.871716443772188E-19
9223.04995059968  1.000139743763300E-18
9225.60295057298  1.008920687838680E-18
9228.15595054628  7.526475062318191E-19
9230.70895051957  6.351729590977907E-19
9233.26195049287  4.200518307956914E-19
9235.81495046617  5.949507970061976E-19
9238.36795043947  2.962531391762215E-19
9240.92095041276  5.101043722189437E-19
9243.47395038606  4.615794695297055E-19
9246.02695035936  5.530370066136070E-19
9248.57995033266  3.160225487007934E-19
9251.13295030595  5.707712851312072E-19
9253.68595027925  5.537231565621300E-19
9256.23895025255  6.143565551143380E-19
9258.79195022585  6.516741730725081E-19
9261.34495019914  5.203481528420149E-19
9263.89795017244  9.806377568597916E-19
9266.45095014574  9.712135384136983E-19
9269.00395011903  7.566510579907142E-19
9271.55695009233  1.002615950493146E-18
9274.10995006563  1.031434391071105E-18
9276.66295003892  1.235878900210976E-18
9279.21595001222  1.227482451761683E-18
9281.76894998552  1.163860820529334E-18
9284.32194995882  1.269308275091289E-18
9286.87494993211  9.840509456850289E-19
9289.42794990541  1.241498595861423E-18
9291.98094987871  1.291347441864163E-18
9294.533949852  9.672392533277458E-19
9297.0869498253  1.306982969389545E-18
9299.6399497986  2.176259914929051E-18
9302.1929497719  1.243630113431581E-18
9304.74594974519  1.777751565987554E-18
9307.29894971849  1.339400964539089E-18
9309.85194969179  1.831086334028049E-18
9312.40494966508  1.562185781350952E-18
9314.95794963838  1.576319958261363E-18
9317.51094961168  1.703527550455056E-18
9320.06394958498  1.689393373544646E-18
9322.61694955827  2.384996909999431E-18
9325.16994953157  1.703527550455056E-18
9327.72294950487  1.076475655301214E-18
9330.27594947816  1.213230533265560E-18
9332.82894945146  9.257494955932763E-19
9335.38194942476  8.409008576636733E-19
9337.93494939806  1.430441502594971E-18
9340.48794937135  1.125844188476383E-18
9343.04094934465  1.027333619233595E-18
9345.59394931795  8.682843317442980E-19
9348.14694929124  1.110155636953039E-18
9350.69994926454  1.006609582949028E-18
9353.25294923784  1.705549903383141E-18
9355.80594921114  1.694545767367235E-18
9358.35894918443  1.800900721335642E-18
9360.91194915773  1.184393968733617E-18
9363.46494913103  1.658548303034227E-18
9366.01794910432  1.859471840878162E-18
9368.57094907762  1.704926583321414E-18
9371.12394905092  1.449112366067669E-18
9373.67694902422  1.420844012246848E-18
9376.22994899751  1.477380719888490E-18
9378.78294897081  1.477380719888490E-18
9381.33594894411  1.437148832837632E-18
9383.8889489174  1.378441481515616E-18
9386.4419488907  1.048822151100722E-18
9388.994948864  1.457098021773243E-18
9391.54794883729  1.271306318557509E-18
9394.10094881059  1.391012599622425E-18
9396.65394878389  1.566924348610265E-18
9399.20694875719  1.670654590014309E-18
9401.75994873048  1.736876901895147E-18
9404.31294870378  1.954434278544681E-18
9406.86594867708  1.501840920452532E-18
9409.41894865038  1.349683337438998E-18
9411.97194862367  1.146640590793335E-18
9414.52494859697  1.032173231009356E-18
9417.07794857027  1.415807088559196E-18
9419.63094854356  1.490672490760495E-18
9422.18394851686  6.973330633076393E-19
9424.73694849016  1.197947922811206E-18
9427.28994846346  1.442850961946025E-18
9429.84294843675  1.721323467053845E-18
9432.39594841005  9.360506405282382E-19
9434.94894838335  1.341377951347957E-18
9437.50194835664  2.679959335367581E-18
9440.05494832994  1.505649073709310E-18
9442.60794830324  1.947639320322130E-18
9445.16094827653  1.488655950761091E-18
9447.71394824983  8.614795581249429E-19
9450.26694822313  4.269354726632873E-19
9452.81994819643  1.138226278812130E-18
9455.37294816972  2.272081439947762E-18
9457.92594814302  1.765819143339585E-18
9460.47894811632  1.805234856095522E-18
9463.03194808961  1.755086696612210E-18
9465.58494806291  1.541480661233925E-18
9468.13794803621  8.853848891956271E-19
9470.69094800951  2.500836569489721E-18
9473.2439479828  2.689972982869273E-18
9475.7969479561  1.887968569816318E-18
9478.3499479294  2.099843831512969E-18
9480.90294790269  1.394497294595828E-18
9483.45594787599  1.013319299900853E-18
9486.00894784929  1.363167856929395E-18
9488.56194782259  1.035226773506213E-18
9491.11494779588  9.934005222275221E-19
9493.66794776918  1.546292263579732E-18
9496.22094774248  1.400357041097733E-18
9498.77394771577  1.452199059198606E-18
9501.32694768907  1.922607089715707E-18
9503.87994766237  8.611874133326979E-19
9506.43294763566  1.328261816170560E-18
9508.98594760896  1.371479129056469E-18
9511.53894758226  1.416980784849836E-18
9514.09194755556  6.255747088040831E-19
9516.64494752886  8.112575394819302E-19
9519.19794750215  1.134113799337155E-18
9521.75094747545  4.845831714082885E-19
9524.30394744875  1.208916852783210E-19
9526.85694742204  1.086474018107423E-18
9529.40994739534  1.154867949604524E-18
9531.96294736864  1.066569410133539E-18
9534.51594734193  1.280077230379689E-18
9537.06894731523  9.242889033912287E-19
9539.62194728853  9.856771507919859E-19
9542.17494726182  7.385771286881325E-19
9544.72794723512  9.370311735858171E-19
9547.28094720842  3.918142712988734E-19
9549.83394718172  1.297597659173583E-18
9552.38694715501  1.627456207980597E-18
9554.93994712831  9.083494702294622E-19
9557.49294710161  7.788663194201870E-19
9560.0459470749  8.015486880848277E-19
9562.5989470482  5.169998883557979E-19
9565.1519470215  3.994026541452382E-19
9567.7049469948  1.190016101252645E-18
9570.25794696809  7.001582684619406E-19
9572.81094694139  6.837698539436192E-19
9575.36394691469  1.267998876854106E-18
9577.91694688799  1.145184423202959E-18
9580.46994686128  1.110278975352346E-18
9583.02294683458  8.932494786810353E-19
9585.57594680788  1.104058084373816E-18
9588.12894678117  1.015957851915264E-18
9590.68194675447  9.657810439772234E-19
9593.23494672777  1.192094496690534E-18
9595.78794670106  1.219680659781388E-18
9598.34094667436  1.443742112494919E-18
9600.89394664766  1.693943218809419E-18
9603.44694662096  1.844657331809353E-18
9605.99994659425  1.449267772675839E-18
9608.55294656755  1.383473627369075E-18
9611.10594654085  1.986916344531622E-18
9613.65894651414  1.503469590516727E-18
9616.21194648744  4.040867502791370E-19
9618.76494646074  1.031763620618380E-18
9621.31794643404  8.790344301407429E-19
9623.87094640733  5.725553728319420E-19
9626.42394638063  1.156059670210163E-18
9628.97694635393  1.195517049914571E-18
9631.52994632722  1.239847474141963E-18
9634.08294630052  1.639847721636324E-18
9636.63594627382  1.553398884177076E-18
9639.18894624712  1.400817450915220E-18
9641.74194622041  1.292037729752720E-18
9644.29494619371  1.200414694558228E-18
9646.84794616701  1.301997229571202E-18
9649.4009461403  9.368389779133810E-19
9651.9539461136  1.287861678797058E-18
9654.5069460869  1.722161974624867E-18
9657.0599460602  9.899312160151868E-19
9659.61294603349  1.047755322333694E-18
9662.16594600679  1.305472088364474E-18
9664.71894598009  1.120691916885662E-18
9667.27194595338  9.927403196494509E-19
9669.82494592668  1.276665752091727E-18
9672.37794589998  7.778897400113590E-19
9674.93094587327  8.603210587109762E-19
9677.48394584657  1.481979969187739E-18
9680.03694581987  1.660566509522191E-18
9682.58994579317  3.694362086145968E-19
9685.14294576646  4.551901098380026E-19
9687.69594573976  7.753372606882591E-19
9690.24894571306  9.408326686382794E-19
9692.80194568636  1.321490954955755E-18
9695.35494565965  1.479900564559800E-18
9697.90794563295  1.340415931861470E-18
9700.46094560625  8.666042115708696E-19
9703.01394557954  1.810248215406406E-18
9705.56694555284  6.313581290506254E-19
9708.11994552614  1.147933060851536E-18
9710.67294549943  1.531115847672227E-18
9713.22594547273  1.601496991834223E-18
9715.77894544603  2.387378060320222E-18
9718.33194541933  1.694735930379147E-18
9720.88494539262  1.979635206460642E-18
9723.43794536592  1.729840709764267E-18
9725.99094533922  1.304160742832993E-18
9728.54394531251  1.187881599552174E-18
9731.09694528581  1.182790827720146E-18
9733.64994525911  1.182981485852670E-18
9736.20294523241  1.460019732429364E-18
9738.7559452057  8.802855648592622E-19
9741.308945179  1.155051550226308E-18
9743.8619451523  1.228207300100023E-18
9746.4149451256  1.509180206771052E-18
9748.96794509889  8.624948220273653E-19
9751.52094507219  1.008388383420556E-18
9754.07394504549  1.440324234315228E-18
9756.62694501878  1.247869786223721E-18
9759.17994499208  1.348831882958210E-18
9761.73294496538  1.421987144134768E-18
9764.28594493867  1.209396016631202E-18
9766.83894491197  1.641943323766841E-18
9769.39194488527  1.097939087212107E-18
9771.94494485857  1.769064753187605E-18
9774.49794483186  1.607911139307614E-18
9777.05094480516  1.163868678133497E-18
9779.60394477846  1.354467058038339E-18
9782.15694475175  1.127879633616402E-18
9784.70994472505  1.788551940106775E-19
9787.26294469835  2.289800995803090E-18
9789.81594467165  1.665123910156049E-18
9792.36894464494  6.625116162281249E-19
9794.92194461824  -1.721296134900551E-19
9797.47494459154  1.317019087851951E-18
9800.02794456483  1.200786216366007E-18
9802.58094453813  1.129966543512599E-18
9805.13394451143  9.732630336280807E-19
9807.68694448473  1.600513245254759E-18
9810.23994445802  1.796512701838280E-18
9812.79294443132  8.981634308387732E-19
9815.34594440462  1.060905138080032E-18
9817.89894437791  1.074439294023652E-18
9820.45194435121  1.614662355730469E-18
9823.00494432451  1.168820642445702E-18
9825.5579442978  1.057309680696082E-18
9828.1109442711  1.141936382337914E-18
9830.6639442444  2.283754411586161E-18
9833.2169442177  1.011074134259760E-18
9835.769944191  8.570166393032568E-19
9838.32294416429  1.121457151075905E-18
9840.87594413759  1.125712131630366E-18
9843.42894411089  9.606448151172507E-19
9845.98194408418  8.797561809245511E-19
9848.53494405748  1.148151808015491E-18
9851.08794403078  1.934032160821874E-18
9853.64094400407  1.374369854812023E-18
9856.19394397737  2.115158493552415E-18
9858.74694395067  1.066451360105974E-18
9861.29994392396  7.134564964610362E-19
9863.85294389726  9.231151682086338E-19
9866.40594387056  8.575475467344187E-19
9868.95894384386  2.144113365743640E-18
9871.51194381715  1.209258470566177E-18
9874.06494379045  1.379576083233867E-19
9876.61794376375  1.200836525662264E-18
9879.17094373704  1.961542813486723E-18
9881.72394371034  1.209122567848630E-18
9884.27694368364  1.194929244857315E-18
9886.82994365694  1.106732958765729E-18
9889.38294363023  2.411964606094199E-18
9891.93594360353  1.398634747959329E-18
9894.48894357683  2.564919209691653E-18
9897.04194355013  1.891208789940139E-18
9899.59494352342  1.181166664786573E-18
9902.14794349672  2.034110436830051E-18
9904.70094347002  1.801205442203936E-18
9907.25394344331  1.417356976817474E-18
9909.80694341661  7.683909431644276E-19
9912.35994338991  1.230743544443928E-18
9914.9129433632  2.101659684481099E-18
9917.4659433365  2.144024618055676E-18
9920.0189433098  1.961467114090650E-18
9922.5719432831  2.766077803785823E-18
9925.12494325639  1.104046148718449E-18
9927.67794322969  2.148229877779622E-18
9930.23094320299  1.190597900699707E-18
9932.78394317628  1.816123677062781E-18
9935.33694314958  1.030489801732303E-18
9937.88994312288  2.372346274193973E-18
9940.44294309618  1.938353331402717E-18
9942.99594306947  3.981336622527776E-18
9945.54894304277  3.387166997481897E-18
9948.10194301607  2.360663975890759E-18
9950.65494298936  1.735299065020805E-18
9953.20794296266  2.301763602837058E-18
9955.76094293596  1.323466586410287E-18
9958.31394290926  3.073585297102773E-18
9960.86694288255  2.160227003092491E-18
9963.41994285585  6.523496394450423E-19
9965.97294282915  1.716178001335430E-18
9968.52594280244  3.602689571072493E-18
9971.07894277574  -5.010339057525827E-20
9973.63194274904  1.288901458705973E-18
9976.18494272234  2.009869389430006E-18
9978.73794269563  8.656279866733518E-19
9981.29094266893  5.328416434637984E-19
9983.84394264223  1.261875666974768E-18
9986.39694261552  1.550183504808497E-18
9988.94994258882  8.066220888254322E-19
9991.50294256212  1.443539889854097E-18
9994.05594253541  1.369577119248234E-18
9996.60894250871  1.189882474871620E-18
9999.16194248201  2.048934544517617E-18
10001.7149424553  1.170576673518390E-18
10004.2679424286  -3.535752825349869E-21
10006.8209424019  3.527440175846483E-18
10009.3739423752  1.179866893214827E-18
10011.9269423485  1.542515177231353E-18
10014.4799423218  3.299653986940025E-18
10017.0329422951  3.036135492312941E-18
10019.5859422684  1.306444969982746E-18
10022.1389422417  7.741221680868804E-19
10024.691942215  1.687726475479607E-18
10027.2449421883  1.410935135359167E-18
10029.7979421616  1.200839812233865E-18
10032.3509421349  1.400635026458750E-18
10034.9039421082  6.096798164748580E-19
10037.4569420815  1.252966941976922E-18
10040.0099420548  2.367737760058341E-18
10042.5629420281  2.123260914111990E-18
10045.1159420014  1.049769474165401E-18
10047.6689419747  2.579164965938001E-18
10050.221941948  1.827188216376804E-18
10052.7749419212  7.281217337855293E-19
10055.3279418945  4.384829739317156E-19
10057.8809418678  1.570528163400180E-18
10060.4339418411  1.157723894722807E-18
10062.9869418144  5.407542757904892E-19
10065.5399417877  -1.862601330312725E-20
10068.092941761  8.862135414262688E-20
10070.6459417343  1.408452303743378E-18
10073.1989417076  5.489520335113447E-19
10075.7519416809  7.417339748492252E-19
10078.3049416542  1.257267066754545E-18
10080.8579416275  8.714463036686920E-19
10083.4109416008  2.403610894584484E-18
10085.9639415741  3.167207650302922E-18
10088.5169415474  3.010423711327796E-18
10091.0699415207  1.910415391646449E-18
10093.622941494  1.428899361247992E-18
10096.1759414673  1.736665476017841E-18
10098.7289414406  7.580591333967156E-19
10101.2819414139  2.345594876618617E-18
10103.8349413872  9.915604213104412E-19
10106.3879413605  7.099487418451289E-19
10108.9409413338  5.988239400000379E-19
10111.4939413071  2.752746047696756E-18
10114.0469412804  1.954617374868606E-18
10116.5999412537  1.763271439919764E-18
10119.152941227  2.045935418570880E-18
10121.7059412003  9.772594779371647E-19
10124.2589411736  2.077559712296467E-18
10126.8119411469  2.268229737145505E-18
10129.3649411202  4.143036249911909E-18
10131.9179410935  8.515024619025467E-19
10134.4709410668  5.485162932840374E-19
10137.0239410401  1.910181790471694E-18
10139.5769410133  7.984152862950423E-19
10142.1299409866  2.472590369406722E-18
10144.6829409599  2.606997939496645E-18
10147.2359409332  3.641936459767309E-18
10149.7889409065  2.468806425408161E-18
10152.3419408798  2.335147484759596E-18
10154.8949408531  7.912889007405013E-19
10157.4479408264  -3.346392735158460E-19
10160.0009407997  1.393041092838855E-18
10162.553940773  9.507160917300963E-19
10165.1069407463  2.940921716265929E-18
10167.6599407196  -5.493940543789346E-19
10170.2129406929  -1.728022354913024E-18
10172.7659406662  1.564287778593081E-18
10175.3189406395  1.829852327216139E-18
10177.8719406128  4.666399871798081E-19
10180.4249405861  7.875133119792296E-19
10182.9779405594  1.938431258692208E-18
10185.5309405327  1.855782496326050E-18
10188.083940506  3.206619487593826E-18
10190.6369404793  1.064870906723306E-18
10193.1899404526  -1.649997612550227E-19
10195.7429404259  -2.078098913027769E-19
10198.2959403992  -2.009066799871013E-18
10200.8489403725  4.677982538527115E-19
10203.4019403458  7.898378548380629E-19
10205.9549403191  -3.694359076402976E-19
10208.5079402924  5.082809166592463E-18
10211.0609402657  -8.574591713569787E-19
10213.613940239  -1.138987183103120E-18
10216.1669402123  -1.088453195865249E-18
10218.7199401856  7.674922130965542E-20
10221.2729401589  3.844119427919586E-18
10223.8259401322  6.787270552191680E-19
10226.3789401055  2.636324714742595E-19
10228.9319400787  1.970968981602001E-18
10231.484940052  1.931365030682957E-18
10234.0379400253  7.673047531864764E-19
10236.5909399986  2.081413724497528E-18
10239.1439399719  4.989811892257365E-19
10241.6969399452  2.719944240594349E-19
10244.2499399185  2.990136036100802E-18
10246.8029398918  3.690517164039038E-18
10249.3559398651  1.355842643945532E-18
10251.9089398384  1.301128962510663E-18
10254.4619398117  1.904159909498545E-18
10257.014939785  1.594347971189927E-18
10259.5679397583  1.717219202647231E-18
10262.1209397316  1.691202254243285E-18
10264.6739397049  1.148523104353795E-18
10267.2269396782  9.098896249969740E-19
10269.7799396515  2.381696771183020E-19
10272.3329396248  1.037453965716537E-18
10274.8859395981  5.717940482348184E-19
10277.4389395714  2.826672745598002E-18
10279.9919395447  2.566474680967099E-18
10282.544939518  -2.649716434811886E-19
10285.0979394913  9.101916236560590E-19
10287.6509394646  4.788088403559121E-18
10290.2039394379  7.794311444774121E-19
10292.7569394112  3.431486239598852E-19
10295.3099393845  1.638698043780933E-18
10297.8629393578  6.306574602097287E-19
